0,530
0,529
0,528
0,527
0,472
69,22
69,21
69,20
69,19
69,18
69,17
69,16
69,15
69,14
69,13
69,12
69,11
69,10
69,9
69,8
69,7
69,6
69,5
69,4
71,3
71,2
71,1
71,0
70,3
70,2
70,1
70,0
68,52
68,51
68,50
68,49
68,48
68,47
68,46
68,45
68,44
68,43
68,42
68,41
68,40
68,39
68,38
68,37
68,36
44,1
44,3
17,2
17,1
17,3
15,2
15,1
15,3
16,2
16,1
16,3
13,2
14,2
4,41
4,26
4,17
4,4
4,86
4,32
4,81
4,79
4,71
4,13
4,1
4,11
4,2
4,3
6,4
6,8
6,1
6,7
6,2
6,3
7,10
7,8
7,7
7,4
7,9
7,13
7,1
7,5
7,2
7,3
5,4
5,2
5,1
5,3
59,1
59,3
53,1
53,3
65,1
65,3
68,35
69,3
69,2
69,1
69,0
38,1
38,3
41,1
41,3
3,2
3,1
3,3
10,88
10,114
10,266
10,152
10,24
10,224
10,78
10,1
10,196
10,2
10,3
11,12
